rssi[0]=-29 rssi[1]=-29
agc_idx=5
stepno,t1,t2,hartt_stat,stat0,hpmcal,AA
0,0,0,0,0,0,0x215EE636
1,0,0,0,0,0,0x41118D59
2,24350,30203,66324547,590340,2226,0x3B737102
3,36766,42619,66062403,524804,2133,0xFC411F30
4,49182,55035,66062383,524804,2178,0xF9295459
5,61598,1915,65669147,524804,2178,0xD7E3E66B
6,8477,14331,65210479,590852,2226,0xF15812CE
7,20893,26747,64489543,525316,2178,0xA21AC849
8,33309,39163,64751643,525316,2133,0x91387EE9
9,45726,51579,65144879,524804,2133,0x307B9C7F
10,58141,63995,64161843,525316,2178,0xFC8C4845
11,5021,10875,63506483,591364,2133,0x3509C3E1
12,17436,23291,62916683,591876,2178,0x920D97D0
13,29853,35707,62982159,394756,2178,0xF72E9B9B
14,42268,48123,62785591,526340,2178,0x3EAE53C9
15,54684,60539,62392355,526340,2133,0x85C2CD96
16,1564,7419,62261303,526596,2133,0x86B53E4E
17,13980,19835,62326883,591876,2178,0x26B856C0
18,26396,32251,61671523,591876,2133,0x7F44B0AC
19,38812,44667,60819539,592644,2133,0x47163490
