rssi[0]=-28 rssi[1]=-28
agc_idx=5
stepno,t1,t2,hartt_stat,stat0,hpmcal,AA
0,0,0,0,0,0,0x215EE636
1,0,0,0,0,0,0x41118D59
2,42780,49329,5633900,66598660,2178,0x3B737102
3,55196,61744,4585437,66599172,2178,0xFC411F30
4,2076,8626,7337949,66531588,2133,0xF9295459
5,14492,21041,6289325,66467076,2133,0xD7E3E66B
6,26908,33457,6551553,66598148,2178,0xF15812CE
7,39324,45874,8386472,66466052,2178,0xA21AC849
8,51740,58290,7468928,66466564,2133,0x91387EE9
9,64156,5168,6616976,66533636,2133,0x307B9C7F
10,11036,17586,7993297,66466564,2133,0xFC8C4845
11,23452,30001,7927696,66598148,2178,0x3509C3E1
12,35868,42418,8910736,66597124,2178,0x920D97D0
13,48284,54835,328333277,66465796,2090,0xF72E9B9B
14,60700,1717,60553080,66586884,2090,0x3EAE53C9
15,7580,14133,61077396,66586884,2090,0x85C2CD96
16,19996,26549,61601664,66586884,2090,0x86B53E4E
17,32412,38965,61667176,66586628,2090,0x26B856C0
18,44828,51381,62650289,66586628,2133,0x7F44B0AC
19,57244,63797,62322605,66586628,2133,0x47163490
