rssi[0]=-28 rssi[1]=-28
agc_idx=5
stepno,t1,t2,hartt_stat,stat0,hpmcal,AA
0,0,0,0,0,0,0x215EE636
1,0,0,0,0,0,0x41118D59
2,29149,33565,329777152,12548,2178,0x3B737102
3,41573,45981,62193664,1028,2178,0xFC411F30
4,53989,58397,61472706,67045380,2178,0xF9295459
5,869,5277,62128067,67045380,2226,0xD7E3E66B
6,13285,17693,62128108,2052,2133,0xF15812CE
7,25701,30109,61341655,67046148,2178,0xA21AC849
8,38117,42525,61996974,67045380,2178,0x91387EE9
9,50533,54941,62848983,1028,2178,0x307B9C7F
10,62949,1821,62128108,67045380,2178,0xFC8C4845
11,9821,14237,330694615,12548,2133,0x3509C3E1
12,22245,26653,62128107,2052,2133,0x920D97D0
13,34661,39069,61472665,67045380,2133,0xF72E9B9B
14,47077,51485,61931500,2052,2133,0x3EAE53C9
15,59493,63901,61800427,2052,2133,0x85C2CD96
16,6373,10781,61669315,2052,2133,0x86B53E4E
17,18789,23197,62193684,2052,2133,0x26B856C0
18,31205,35613,61931520,2052,2133,0x7F44B0AC
19,43621,48029,61538304,2052,2178,0x47163490
