rssi[0]=-28 rssi[1]=-28
agc_idx=5
stepno,t1,t2,hartt_stat,stat0,hpmcal,AA
0,0,0,0,0,0,0x215EE636
1,0,0,0,0,0,0x41118D59
2,41306,49330,329777111,12548,2178,0x3B737102
3,53722,61746,330104873,13572,2226,0xFC411F30
4,602,8634,61210665,67046148,2133,0xF9295459
5,13018,21042,328859669,67055876,2133,0xD7E3E66B
6,25434,33458,329908265,12292,2133,0xF15812CE
7,37850,45882,61210665,67045380,2178,0xA21AC849
8,50266,58290,329580523,67055876,2133,0x91387EE9
9,62682,5170,329646039,13572,2133,0x307B9C7F
10,9562,17586,329777214,67055876,2133,0xFC8C4845
11,21978,30002,329711595,12548,2133,0x3509C3E1
12,34394,42418,330104832,12548,2090,0x920D97D0
13,46810,54834,328990741,67055620,2090,0xF72E9B9B
14,59226,1714,329514967,12292,2090,0x3EAE53C9
15,6106,14138,60948459,2052,2090,0x85C2CD96
16,18522,26546,329711595,12292,2133,0x86B53E4E
17,30938,38962,329973719,12292,2090,0x26B856C0
18,43354,51378,329973781,12292,2133,0x7F44B0AC
19,55770,63794,328728555,12292,2090,0x47163490
