rssi[0]=-34 rssi[1]=-34
agc_idx=6
stepno,t1,t2,hartt_stat,stat0,hpmcal,AA
0,0,0,0,0,0,0x215EE636
1,0,0,0,0,0,0x41118D59
2,9365,15241,1900503,15364,2133,0x3B737102
3,21781,27657,1703916,15364,2178,0xFC411F30
4,34197,40073,2555843,67058692,2133,0xF9295459
5,46613,52489,2555822,67058692,2133,0xD7E3E66B
6,59029,64905,2097152,15364,2178,0xF15812CE
7,5909,11785,2424791,67058692,2226,0xA21AC849
8,18325,24201,2293719,67058692,2133,0x91387EE9
9,30741,36617,1966039,15364,2133,0x307B9C7F
10,43157,49033,2162647,67058692,2178,0xFC8C4845
11,55573,61449,2359276,15364,2133,0x3509C3E1
12,2453,8329,1834967,15364,2133,0x920D97D0
13,14869,20745,2031575,67058692,2133,0xF72E9B9B
14,27285,33161,2293699,14596,2133,0x3EAE53C9
15,39701,45577,2555843,67057924,2178,0x85C2CD96
16,52117,57993,2424791,67057924,2133,0x86B53E4E
17,64533,4873,2359296,15364,2178,0x26B856C0
18,11413,17289,1966060,15364,2178,0x7F44B0AC
19,23829,29705,2424791,15364,2178,0x47163490
