rssi[0]=-34 rssi[1]=-34
agc_idx=6
stepno,t1,t2,hartt_stat,stat0,hpmcal,AA
0,0,0,0,0,0,0x215EE636
1,0,0,0,0,0,0x41118D59
2,42755,49327,4653056,14596,2226,0x3B737102
3,55171,61743,2883666,15364,2178,0xFC411F30
4,2051,8624,5046313,67056900,2133,0xF9295459
5,14467,21039,4128788,67057924,2133,0xD7E3E66B
6,26883,33456,3866706,13572,2178,0xF15812CE
7,39299,45871,4653097,67057924,2133,0xA21AC849
8,51715,58287,3997655,67057924,2133,0x91387EE9
9,64131,5167,3211223,15364,2133,0x307B9C7F
10,11011,17583,3866685,67057924,2090,0xFC8C4845
11,23427,29999,3538924,14596,2133,0x3509C3E1
12,35843,42416,4128748,13572,2178,0x920D97D0
13,48259,54832,5111808,67056900,2178,0xF72E9B9B
14,60675,1711,4456407,14596,2133,0x3EAE53C9
15,7555,14127,4128727,14596,2133,0x85C2CD96
16,19971,26543,4325356,14596,2133,0x86B53E4E
17,32387,38960,3997655,13572,2133,0x26B856C0
18,44803,51376,3538944,13572,2133,0x7F44B0AC
19,57219,63792,4063253,13572,2133,0x47163490
