rssi[0]=-34 rssi[1]=-34
agc_idx=6
stepno,t1,t2,hartt_stat,stat0,hpmcal,AA
0,0,0,0,0,0,0x215EE636
1,0,0,0,0,0,0x41118D59
2,29723,35574,6750187,13572,2178,0x3B737102
3,42138,47990,5636055,14596,2133,0xFC411F30
4,54556,60406,7667609,67055876,2178,0xF9295459
5,1435,7286,6881218,67056900,2178,0xD7E3E66B
6,13851,19702,6619115,13572,2226,0xF15812CE
7,26267,32118,7536578,67056900,2178,0xA21AC849
8,38683,44534,6619074,67056900,2133,0x91387EE9
9,51098,56950,6094827,67057924,2133,0x307B9C7F
10,63515,3830,6553538,67056900,2178,0xFC8C4845
11,10395,16246,5963735,67056900,2133,0x3509C3E1
12,22811,28662,6619095,13572,2178,0x920D97D0
13,35227,41078,7798722,67057412,2178,0xF72E9B9B
14,47643,53494,7077826,13572,2133,0x3EAE53C9
15,60059,374,7864279,67056900,2133,0x85C2CD96
16,6939,12790,7667650,13572,2178,0x86B53E4E
17,19355,25206,7012352,13572,2133,0x26B856C0
18,31771,37622,6684672,13572,2133,0x7F44B0AC
19,44188,50038,7274496,12548,2133,0x47163490
