rssi[0]=-34 rssi[1]=-34
agc_idx=6
stepno,t1,t2,hartt_stat,stat0,hpmcal,AA
0,0,0,0,0,0,0x215EE636
1,0,0,0,0,0,0x41118D59
2,42783,49330,66584556,4,2178,0x3B737102
3,55199,61746,66453565,4,2133,0xFC411F30
4,2079,8626,66977853,67043332,2133,0xF9295459
5,14495,21042,66125865,67043332,2178,0xD7E3E66B
6,26911,33458,65994834,4,2178,0xF15812CE
7,39327,45874,67043348,67043332,2178,0xA21AC849
8,51743,58290,66584576,67043332,2133,0x91387EE9
9,64159,5170,66453484,4,2133,0x307B9C7F
10,11039,17586,66650194,67043332,2133,0xFC8C4845
11,23455,30002,66322412,4,2178,0x3509C3E1
12,35871,42418,66387968,4,2178,0x920D97D0
13,48287,54834,66256978,67043332,2133,0xF72E9B9B
14,60703,1714,66715628,4,2178,0x3EAE53C9
15,7583,14130,66650112,4,2090,0x85C2CD96
16,19999,26546,66322412,4,2090,0x86B53E4E
17,32415,38963,66912236,15364,2133,0x26B856C0
18,44831,51379,66846740,15364,2133,0x7F44B0AC
19,57247,63794,66650112,4,2133,0x47163490
