rssi[0]=-6 rssi[1]=-6
agc_idx=1
stepno,t1,t2,hartt_stat,stat0,hpmcal,AA
0,0,0,0,0,0,0x215EE636
1,0,0,0,0,0,0x41118D59
2,41136,49168,65077124,1028,2090,0x3B737102
3,53552,61576,333250539,12548,2090,0xFC411F30
4,432,8464,65208361,67044356,2090,0xF9295459
5,12848,20880,64684011,67044356,2133,0xD7E3E66B
6,25264,33296,64683991,1028,2048,0xF15812CE
7,37680,45712,65667051,67044356,2090,0xA21AC849
8,50096,58128,64487424,67044356,2090,0x91387EE9
9,62512,5000,333250477,67055876,2048,0x307B9C7F
10,9392,17424,65536021,67044356,2090,0xFC8C4845
11,21808,29840,64094146,67044356,2090,0x3509C3E1
12,34224,42256,64946051,67044356,2090,0x920D97D0
13,46640,54672,64815125,67044356,2090,0xF72E9B9B
14,59056,1552,65273794,1028,2090,0x3EAE53C9
15,5936,13968,64815001,67044356,2090,0x85C2CD96
16,18352,26384,65208216,67044356,2048,0x86B53E4E
17,30768,38800,64946030,1028,2090,0x26B856C0
18,43184,51216,65077124,1028,2090,0x7F44B0AC
19,55600,63632,64421741,1028,2090,0x47163490
20,2480,10512,65077124,67044356,2048,0xA24B3C46
21,14896,22928,65077145,67044356,2048,0x0D9EB247
22,27312,35344,65667051,67043332,2090,0xBA824ADF
23,39728,47760,65077227,67044356,2048,0xB604A113
24,52144,60176,65208217,67044356,2090,0xD75CD2C0
25,64560,7056,65208258,67044356,2090,0x85D8AF24
26,11440,19472,65339288,67044356,2048,0xA6D70D36
27,23856,31888,65142742,1028,2008,0xEAC8290A
28,36272,44304,65535959,67044356,2008,0xB94F6BF3
29,48688,56720,64552918,4,2048,0xE7BBC1B0
