rssi[0]=-28 rssi[1]=-28
agc_idx=5
stepno,t1,t2,hartt_stat,stat0,hpmcal,AA
0,0,0,0,0,0,0x215EE636
1,0,0,0,0,0,0x41118D59
2,53598,59452,65404908,1028,2226,0x3B737102
3,478,6332,66125804,1028,2226,0xFC411F30
4,12894,18748,65798083,67044356,2178,0xF9295459
5,25310,31164,65798083,67044356,2178,0xD7E3E66B
6,37726,43580,65798103,1028,2178,0xF15812CE
7,50142,55996,65208279,67044356,2178,0xA21AC849
8,62558,2876,65798103,67044356,2178,0x91387EE9
9,9438,15292,66453463,67044356,2178,0x307B9C7F
10,21854,27708,65798124,67044356,2178,0xFC8C4845
11,34270,40124,65273815,1028,2133,0x3509C3E1
12,46686,52540,65535980,1028,2178,0x920D97D0
13,59103,64956,65470382,66912772,2133,0xF72E9B9B
14,5983,11836,65142723,4,2178,0x3EAE53C9
15,18399,24252,65863639,67043332,2133,0x85C2CD96
16,30815,36668,65929175,67043332,2178,0x86B53E4E
17,43231,49084,65863680,4,2178,0x26B856C0
18,55647,61500,66191340,4,2133,0x7F44B0AC
19,2526,8380,65667052,1028,2226,0x47163490
