rssi[0]=-28 rssi[1]=-28
agc_idx=5
stepno,t1,t2,hartt_stat,stat0,hpmcal,AA
0,0,0,0,0,0,0x215EE636
1,0,0,0,0,0,0x41118D59
2,42753,49327,329187328,12548,2178,0x3B737102
3,55169,61742,329777214,13572,2178,0xFC411F30
4,2049,8626,60620862,67046148,2133,0xF9295459
5,14465,21039,328728617,67055876,2133,0xD7E3E66B
6,26881,33455,329383977,12548,2133,0xF15812CE
7,39297,45874,60620821,67046148,2178,0xA21AC849
8,51713,58287,329449451,67055876,2133,0x91387EE9
9,64129,5166,329187328,13572,2133,0x307B9C7F
10,11009,17583,329187390,67055876,2178,0xFC8C4845
11,23425,29999,329449451,12548,2178,0x3509C3E1
12,35841,42415,329056256,12548,2178,0x920D97D0
13,48257,54832,328335401,67055620,2090,0xF72E9B9B
14,60673,1712,9764802,12292,2178,0x3EAE53C9
15,7553,14128,328794071,67055620,2090,0x85C2CD96
16,19969,26544,328925184,12292,2090,0x86B53E4E
17,32385,38960,329318400,12292,2090,0x26B856C0
18,44801,51376,329777173,12292,2133,0x7F44B0AC
19,57217,63792,328728576,12292,2090,0x47163490
