rssi[0]=-28 rssi[1]=-28
agc_idx=5
stepno,t1,t2,hartt_stat,stat0,hpmcal,AA
0,0,0,0,0,0,0x215EE636
1,0,0,0,0,0,0x41118D59
2,33215,39094,62390252,2052,2178,0x3B737102
3,45632,51510,63373312,1028,2178,0xFC411F30
4,58047,63926,62783406,67045380,2178,0xF9295459
5,4928,10806,63242138,66978820,2178,0xD7E3E66B
6,17343,23222,63242220,2052,2133,0xF15812CE
7,29759,35638,62259159,67045380,2178,0xA21AC849
8,42176,48054,63242179,67044356,2133,0x91387EE9
9,54592,60470,63700931,67044356,2178,0x307B9C7F
10,1472,7350,62783488,67044356,2178,0xFC8C4845
11,13884,19766,331284439,12548,2133,0x3509C3E1
12,26303,32182,62521324,2052,2178,0x920D97D0
13,38719,44598,62390190,67045380,2178,0xF72E9B9B
14,51135,57014,62390211,2052,2178,0x3EAE53C9
15,63551,3894,62849004,2052,2133,0x85C2CD96
16,10431,16310,63045571,67045380,2133,0x86B53E4E
17,22847,28726,63111148,2052,2133,0x26B856C0
18,35263,41142,63111148,2052,2133,0x7F44B0AC
19,47679,53558,62717952,133124,2133,0x47163490
