rssi[0]=-28 rssi[1]=-28
agc_idx=5
stepno,t1,t2,hartt_stat,stat0,hpmcal,AA
0,0,0,0,0,0,0x215EE636
1,0,0,0,0,0,0x41118D59
2,54281,58689,2818007,15364,2226,0x3B737102
3,1161,5569,2555884,15364,2133,0xFC411F30
4,13577,17985,3538883,67057924,2178,0xF9295459
5,25993,30401,3080151,67058692,2133,0xD7E3E66B
6,38409,42817,2555884,15364,2226,0xF15812CE
7,50825,55233,2949079,67058692,2178,0xA21AC849
8,63241,2113,2949059,67058692,2133,0x91387EE9
9,10121,14529,2818028,67058692,2133,0x307B9C7F
10,22537,26945,2555884,67058692,2178,0xFC8C4845
11,34953,39361,2424812,15364,2178,0x3509C3E1
12,47369,51777,2555884,15364,2133,0x920D97D0
13,59785,64193,3473326,66926852,2178,0xF72E9B9B
14,6665,11073,3080151,14596,2178,0x3EAE53C9
15,19081,23489,3276759,67057924,2090,0x85C2CD96
16,31497,35905,3211203,67057924,2090,0x86B53E4E
17,43913,48321,3014676,14596,2133,0x26B856C0
18,56329,60737,2424832,15364,2133,0x7F44B0AC
19,3209,7617,3473408,14596,2133,0x47163490
