rssi[0]=-28 rssi[1]=-28
agc_idx=5
stepno,t1,t2,hartt_stat,stat0,hpmcal,AA
0,0,0,0,0,0,0x215EE636
1,0,0,0,0,0,0x41118D59
2,41288,49312,786391,4,2178,0x3B737102
3,53704,61728,524308,15364,2133,0xFC411F30
4,584,8608,1245266,67058692,2133,0xF9295459
5,13000,21024,851988,67058692,2133,0xD7E3E66B
6,25416,33440,327762,15364,2178,0xF15812CE
7,37832,45856,1114132,67058692,2178,0xA21AC849
8,50248,58272,1048535,67058692,2133,0x91387EE9
9,62664,5152,393196,4,2133,0x307B9C7F
10,9544,17568,852070,67058692,2178,0xFC8C4845
11,21960,29984,66977751,4,2178,0x3509C3E1
12,34376,42400,720896,67058692,2178,0x920D97D0
13,46792,54816,1114173,67058692,2133,0xF72E9B9B
14,59208,1696,655299,15364,2178,0x3EAE53C9
15,6088,14112,1572844,67058692,2133,0x85C2CD96
16,18504,26528,1179628,15364,2133,0x86B53E4E
17,30920,38944,1048556,15364,2133,0x26B856C0
18,43336,51360,1114132,15364,2178,0x7F44B0AC
19,55752,63776,589824,15364,2090,0x47163490
