rssi[0]=-34 rssi[1]=-34
agc_idx=6
stepno,t1,t2,hartt_stat,stat0,hpmcal,AA
0,0,0,0,0,0,0x215EE636
1,0,0,0,0,0,0x41118D59
2,42759,49309,330498007,12548,2178,0x3B737102
3,55175,61729,62193726,1028,2178,0xFC411F30
4,2055,8608,61931602,67046148,2178,0xF9295459
5,14471,21021,330170389,67055876,2133,0xD7E3E66B
6,26887,33438,330170430,12292,2090,0xF15812CE
7,39303,45856,61931541,67045380,2178,0xA21AC849
8,51719,58269,330235904,67055876,2178,0x91387EE9
9,64135,5148,330366935,13572,2133,0x307B9C7F
10,11015,17565,330367058,67055876,2133,0xFC8C4845
11,23431,29981,329973739,12548,2178,0x3509C3E1
12,35847,42398,330563563,12292,2178,0x920D97D0
13,48263,54814,329842750,67055620,2133,0xF72E9B9B
14,60679,1694,330104770,12292,2133,0x3EAE53C9
15,7559,14112,61538283,2052,2133,0x85C2CD96
16,19975,26528,61997035,2052,2133,0x86B53E4E
17,32391,38942,330235863,12292,2133,0x26B856C0
18,44807,51358,330629120,143364,2133,0x7F44B0AC
19,57223,63774,330170368,12292,2133,0x47163490
