rssi[0]=-34 rssi[1]=-34
agc_idx=6
stepno,t1,t2,hartt_stat,stat0,hpmcal,AA
0,0,0,0,0,0,0x215EE636
1,0,0,0,0,0,0x41118D59
2,4585,10439,62783468,1028,2226,0x3B737102
3,17001,22855,63700972,1028,2178,0xFC411F30
4,29416,35271,62980055,67045380,2178,0xF9295459
5,41833,47687,63373271,67044356,2178,0xD7E3E66B
6,54248,60103,63504343,67045380,2178,0xF15812CE
7,1128,6983,62914519,67045380,2178,0xA21AC849
8,13545,19399,62980035,67044356,2178,0x91387EE9
9,25961,31815,63963075,67044356,2178,0x307B9C7F
10,38377,44231,63504343,67044356,2178,0xFC8C4845
11,50789,56647,331415511,12548,2178,0x3509C3E1
12,63208,3527,62980055,2052,2178,0x920D97D0
13,10088,15943,62783427,67045380,2178,0xF72E9B9B
14,22504,28359,62980055,2052,2178,0x3EAE53C9
15,34920,40775,62914519,67045380,2133,0x85C2CD96
16,47336,53191,63242199,2052,2133,0x86B53E4E
17,59752,71,63504364,2052,2178,0x26B856C0
18,6632,12487,63373312,2052,2178,0x7F44B0AC
19,19048,24903,63045612,2052,2133,0x47163490
