rssi[0]=-35 rssi[1]=-35
agc_idx=6
stepno,t1,t2,hartt_stat,stat0,hpmcal,AA
0,0,0,0,0,0,0x215EE636
1,0,0,0,0,0,0x41118D59
2,36174,40590,63635415,1028,2226,0x3B737102
3,48590,53006,64552919,1028,2133,0xFC411F30
4,61006,65422,63504302,67045380,2226,0xF9295459
5,7886,12302,64159642,66978820,2178,0xD7E3E66B
6,20302,24718,64094167,67044356,2226,0xF15812CE
7,32718,37134,63700931,67044356,2178,0xA21AC849
8,45134,49550,64290734,67044356,2178,0x91387EE9
9,57550,61966,63963075,1028,2133,0x307B9C7F
10,4430,8846,64028611,67044356,2226,0xFC8C4845
11,16846,21262,63832003,1028,2133,0x3509C3E1
12,29262,33678,63504343,1028,2178,0x920D97D0
13,41678,46094,63504302,67045380,2226,0xF72E9B9B
14,54094,58510,63635395,2052,2133,0x3EAE53C9
15,974,5390,63832003,67045380,2133,0x85C2CD96
16,13390,17806,63766487,2052,2133,0x86B53E4E
17,25806,30222,64159724,2052,2178,0x26B856C0
18,38222,42638,63832023,2052,2133,0x7F44B0AC
19,50638,55054,63832023,2052,2178,0x47163490
