rssi[0]=-34 rssi[1]=-34
agc_idx=6
stepno,t1,t2,hartt_stat,stat0,hpmcal,AA
0,0,0,0,0,0,0x215EE636
1,0,0,0,0,0,0x41118D59
2,41285,49317,329514987,12548,2178,0x3B737102
3,53701,61741,62259282,1028,2133,0xFC411F30
4,581,8621,61341799,67046148,2133,0xF9295459
5,12997,21029,329449513,67055876,2133,0xD7E3E66B
6,25413,33445,329580647,12548,2133,0xF15812CE
7,37829,45869,61145129,67045380,2133,0xA21AC849
8,50245,58277,329777173,67055876,2133,0x91387EE9
9,62661,5157,330104832,13572,2178,0x307B9C7F
10,9541,17573,329646163,67055876,2133,0xFC8C4845
11,21957,29989,329908245,12548,2178,0x3509C3E1
12,34373,42405,329515029,12548,2178,0x920D97D0
13,46789,54821,328663102,67055620,2133,0xF72E9B9B
14,59205,1709,61145067,2052,2178,0x3EAE53C9
15,6085,14117,329187328,12292,2133,0x85C2CD96
16,18501,26533,329646080,12292,2133,0x86B53E4E
17,30917,38949,329514987,12292,2090,0x26B856C0
18,43333,51373,61800489,2052,2133,0x7F44B0AC
19,55749,63781,328859648,12292,2133,0x47163490
