rssi[0]=-11 rssi[1]=-11
agc_idx=1
stepno,t1,t2,hartt_stat,stat0,hpmcal,AA
0,0,0,0,0,0,0x215EE636
1,0,0,0,0,0,0x41118D59
2,36361,40753,63504487,2052,2226,0x3B737102
3,48777,53169,63963218,1028,2327,0xFC411F30
4,61193,49,63635600,67045380,2327,0xF9295459
5,8073,12465,63766590,67045380,2275,0xD7E3E66B
6,20481,24881,331808809,12292,2226,0xF15812CE
7,32897,37297,331939963,67055620,2275,0xA21AC849
8,45321,49713,63504528,67045380,2275,0x91387EE9
9,57729,62129,332202087,12548,2275,0x307B9C7F
10,4617,9009,63766651,67045380,2275,0xFC8C4845
11,17033,21425,63766631,2052,2327,0x3509C3E1
12,29441,33841,331939902,12292,2226,0x920D97D0
13,41865,46257,63307858,67045380,2275,0xF72E9B9B
14,54273,58673,331939943,12292,2275,0x3EAE53C9
15,1153,5553,331350057,12292,2226,0x85C2CD96
16,13569,17969,331284542,12292,2275,0x86B53E4E
17,25985,30385,331546686,143364,2275,0x26B856C0
18,38401,42801,331546686,143364,2226,0x7F44B0AC
19,50817,55217,331481150,143364,2226,0x47163490
20,63233,2097,331087934,12292,2226,0xA24B3C46
21,10121,14513,62521365,2052,2226,0x0D9EB247
22,22529,26929,331677799,67055620,2178,0xBA824ADF
23,34945,39345,331153490,67055620,2226,0xB604A113
24,47361,51761,331087913,12292,2178,0xD75CD2C0
25,59785,64177,62652499,2052,2226,0x85D8AF24
26,6657,11057,330956841,12292,2178,0xA6D70D36
27,19073,23473,331677758,12292,2275,0xEAC8290A
28,31489,35889,331415634,67055620,2275,0xB94F6BF3
29,43913,48305,63504466,1028,2226,0xE7BBC1B0
