rssi[0]=-34 rssi[1]=-34
agc_idx=6
stepno,t1,t2,hartt_stat,stat0,hpmcal,AA
0,0,0,0,0,0,0x215EE636
1,0,0,0,0,0,0x41118D59
2,41290,49322,65077228,4,2226,0x3B737102
3,53706,61738,64487506,1028,2178,0xFC411F30
4,586,8618,65339474,67044356,2178,0xF9295459
5,13002,21034,64749609,67043332,2133,0xD7E3E66B
6,25418,33450,64618599,1028,2133,0xF15812CE
7,37834,45866,64880681,67044356,2133,0xA21AC849
8,50250,58282,65077268,67044356,2133,0x91387EE9
9,62666,5162,64094187,1028,2133,0x307B9C7F
10,9546,17578,64880722,67044356,2090,0xFC8C4845
11,21962,29994,63832043,1028,2178,0x3509C3E1
12,34378,42410,64880640,1028,2178,0x920D97D0
13,46794,54826,64749629,67044356,2133,0xF72E9B9B
14,59210,1706,64815083,1028,2178,0x3EAE53C9
15,6090,14122,64880640,1028,2133,0x85C2CD96
16,18506,26538,64618496,1028,2133,0x86B53E4E
17,30922,38954,64684011,1028,2133,0x26B856C0
18,43338,51370,64946197,1028,2133,0x7F44B0AC
19,55754,63786,64749568,1028,2133,0x47163490
