rssi[0]=-35 rssi[1]=-35
agc_idx=6
stepno,t1,t2,hartt_stat,stat0,hpmcal,AA
0,0,0,0,0,0,0x215EE636
1,0,0,0,0,0,0x41118D59
2,55938,60354,328335319,12548,2178,0x3B737102
3,2818,7234,329777111,67057924,2226,0xFC411F30
4,15234,19650,327942082,67055620,2133,0xF9295459
5,27650,32066,328794030,67055876,2178,0xD7E3E66B
6,40074,44482,60620759,67046148,2226,0xF15812CE
7,52482,56898,328073134,67055876,2226,0xA21AC849
8,64898,3778,329121689,67055876,2133,0x91387EE9
9,11786,16194,61407170,67045380,2226,0x307B9C7F
10,24194,28610,329121730,67055876,2178,0xFC8C4845
11,36610,41026,7733207,67056900,2226,0x3509C3E1
12,49026,53442,328335339,67055876,2178,0x920D97D0
13,61442,322,327679917,67055876,2178,0xF72E9B9B
14,8330,12738,814022594,2820,2178,0x3EAE53C9
15,20746,25154,59310039,67046148,2133,0x85C2CD96
16,33154,37570,328335298,67055876,2178,0x86B53E4E
17,45578,49986,60030976,2820,2178,0x26B856C0
18,57994,62402,60489707,2820,2178,0x7F44B0AC
19,4866,9282,328335339,12548,2133,0x47163490
