rssi[0]=-34 rssi[1]=-34
agc_idx=6
stepno,t1,t2,hartt_stat,stat0,hpmcal,AA
0,0,0,0,0,0,0x215EE636
1,0,0,0,0,0,0x41118D59
2,41313,49345,331087851,12292,2178,0x3B737102
3,53729,61769,63111209,1028,2178,0xFC411F30
4,609,8649,62652478,67045380,2133,0xF9295459
5,13025,21057,331153449,67055620,2178,0xD7E3E66B
6,25441,33473,330629202,12292,2133,0xF15812CE
7,37857,45897,62586942,67045380,2178,0xA21AC849
8,50273,58305,331350016,67055620,2178,0x91387EE9
9,62689,5193,62717931,1028,2090,0x307B9C7F
10,9569,17601,330891346,67055620,2133,0xFC8C4845
11,21985,30017,330432491,12548,2178,0x3509C3E1
12,34401,42433,331022336,12292,2178,0x920D97D0
13,46817,54857,62324777,67045380,2133,0xF72E9B9B
14,59233,1737,62521323,2052,2178,0x3EAE53C9
15,6113,14153,62193664,2052,2133,0x85C2CD96
16,18529,26569,62193664,2052,2133,0x86B53E4E
17,30945,38977,330825687,12292,2133,0x26B856C0
18,43361,51401,62914581,2052,2133,0x7F44B0AC
19,55777,63817,62324757,2052,2133,0x47163490
