rssi[0]=-35 rssi[1]=-35
agc_idx=6
stepno,t1,t2,hartt_stat,stat0,hpmcal,AA
0,0,0,0,0,0,0x215EE636
1,0,0,0,0,0,0x41118D59
2,14957,19373,62390252,1028,2178,0x3B737102
3,27373,31789,63111127,67044356,2133,0xFC411F30
4,39789,44205,62521262,67045380,2178,0xF9295459
5,52197,56621,330563523,67055876,2133,0xD7E3E66B
6,64621,3501,62980035,2052,2226,0xF15812CE
7,11501,15917,62128087,67046148,2226,0xA21AC849
8,23917,28333,62521262,67045380,2133,0x91387EE9
9,36333,40749,63832023,67044356,2133,0x307B9C7F
10,48749,53165,62980055,67044356,2226,0xFC8C4845
11,61157,45,330956759,12548,2178,0x3509C3E1
12,8045,12461,62128066,67045380,2178,0x920D97D0
13,20461,24877,62062510,67045380,2133,0xF72E9B9B
14,32877,37293,62128067,2052,2133,0x3EAE53C9
15,45293,49709,62259139,67045380,2133,0x85C2CD96
16,57709,62125,62652355,2052,2178,0x86B53E4E
17,4589,9005,62521324,2052,2178,0x26B856C0
18,17005,21421,62717932,2052,2133,0x7F44B0AC
19,29421,33837,62390231,2052,2133,0x47163490
