rssi[0]=-34 rssi[1]=-34
agc_idx=6
stepno,t1,t2,hartt_stat,stat0,hpmcal,AA
0,0,0,0,0,0,0x215EE636
1,0,0,0,0,0,0x41118D59
2,41289,49305,1638380,15364,2178,0x3B737102
3,53705,61721,458854,4,2178,0xFC411F30
4,585,8601,1900626,67058692,2178,0xF9295459
5,13001,21017,1245225,67058692,2133,0xD7E3E66B
6,25417,33433,983142,15364,2133,0xF15812CE
7,37833,45849,1703977,67058692,2133,0xA21AC849
8,50249,58265,1769472,67058692,2178,0x91387EE9
9,62665,5145,1179628,67058692,2178,0x307B9C7F
10,9545,17561,1245286,67043332,2090,0xFC8C4845
11,21961,29977,393175,4,2133,0x3509C3E1
12,34377,42393,1245184,15364,2178,0x920D97D0
13,46793,54809,1704018,67058692,2090,0xF72E9B9B
14,59209,1689,1572823,15364,2178,0x3EAE53C9
15,6089,14105,1179668,15364,2133,0x85C2CD96
16,18505,26521,1245184,15364,2090,0x86B53E4E
17,30921,38937,1310679,15364,2133,0x26B856C0
18,43337,51353,1638420,15364,2090,0x7F44B0AC
19,55753,63769,1966100,15364,2133,0x47163490
