rssi[0]=-35 rssi[1]=-35
agc_idx=6
stepno,t1,t2,hartt_stat,stat0,hpmcal,AA
0,0,0,0,0,0,0x215EE636
1,0,0,0,0,0,0x41118D59
2,44246,48646,4456428,14596,2226,0x3B737102
3,56662,61062,3669996,15364,2226,0xFC411F30
4,3542,7942,5242798,67056900,2178,0xF9295459
5,15958,20358,4718510,67057924,2178,0xD7E3E66B
6,28374,32774,4980716,14596,2226,0xF15812CE
7,40790,45190,4980675,67056900,2226,0xA21AC849
8,53206,57606,4128686,67057924,2133,0x91387EE9
9,86,4486,3735491,67058692,2133,0x307B9C7F
10,12502,16902,4718531,67057924,2226,0xFC8C4845
11,24918,29318,4521943,67057924,2178,0x3509C3E1
12,37334,41734,4128727,14596,2178,0x920D97D0
13,49750,54150,5373849,66926340,2226,0xF72E9B9B
14,62166,1030,4325294,14596,2178,0x3EAE53C9
15,9046,13446,4915139,67057924,2178,0x85C2CD96
16,21462,25862,5177262,67056900,2178,0x86B53E4E
17,33878,38278,4718572,14596,2178,0x26B856C0
18,46294,50694,4915200,14596,2133,0x7F44B0AC
19,58710,63110,4980695,14596,2133,0x47163490
