rssi[0]=-28 rssi[1]=-28
agc_idx=5
stepno,t1,t2,hartt_stat,stat0,hpmcal,AA
0,0,0,0,0,0,0x215EE636
1,0,0,0,0,0,0x41118D59
2,29848,34264,61734933,2052,2178,0x3B737102
3,42264,46680,62586859,67044356,2133,0xFC411F30
4,54680,59096,61538243,67045380,2178,0xF9295459
5,1560,5976,62062530,67045380,2133,0xD7E3E66B
6,13976,18392,61603861,2052,2178,0xF15812CE
7,26392,30808,60948439,67046148,2178,0xA21AC849
8,38808,43224,61997015,67045380,2133,0x91387EE9
9,51224,55640,62521303,67044356,2133,0x307B9C7F
10,63640,2520,61997015,67045380,2178,0xFC8C4845
11,10512,14936,330563543,12548,2178,0x3509C3E1
12,22936,27352,61669355,2052,2133,0x920D97D0
13,35352,39768,61276078,66914308,2178,0xF72E9B9B
14,47760,52184,330235863,12548,2133,0x3EAE53C9
15,60184,64600,61472727,67046148,2133,0x85C2CD96
16,7064,11480,61538263,67045380,2133,0x86B53E4E
17,19480,23896,61865984,2052,2133,0x26B856C0
18,31896,36312,61997035,2052,2133,0x7F44B0AC
19,44312,48728,61014016,2052,2133,0x47163490
