rssi[0]=-28 rssi[1]=-28
agc_idx=5
stepno,t1,t2,hartt_stat,stat0,hpmcal,AA
0,0,0,0,0,0,0x215EE636
1,0,0,0,0,0,0x41118D59
2,41308,49340,329514967,12548,2133,0x3B737102
3,53724,61764,61931561,1028,2178,0xFC411F30
4,604,8644,61210665,67046148,2133,0xF9295459
5,13020,21052,329449472,67055876,2133,0xD7E3E66B
6,25436,33468,329318462,12548,2178,0xF15812CE
7,37852,45892,61145109,67045380,2178,0xA21AC849
8,50268,58300,329711595,67055876,2133,0x91387EE9
9,62684,5180,330104811,13572,2133,0x307B9C7F
10,9564,17596,329646142,67055876,2133,0xFC8C4845
11,21980,30012,8650731,67056900,2133,0x3509C3E1
12,34396,42428,329777152,12548,2178,0x920D97D0
13,46812,54844,328663081,67055620,2090,0xF72E9B9B
14,59228,1732,61145047,2052,2090,0x3EAE53C9
15,6108,14140,328925143,12292,2090,0x85C2CD96
16,18524,26556,329514987,12292,2133,0x86B53E4E
17,30940,38972,329580523,12292,2090,0x26B856C0
18,43356,51388,330104832,12292,2090,0x7F44B0AC
19,55772,63804,328859648,12292,2178,0x47163490
