rssi[0]=-28 rssi[1]=-28
agc_idx=5
stepno,t1,t2,hartt_stat,stat0,hpmcal,AA
0,0,0,0,0,0,0x215EE636
1,0,0,0,0,0,0x41118D59
2,42771,49322,331022336,12292,2178,0x3B737102
3,55187,61741,62652457,1028,2178,0xFC411F30
4,2067,8620,62455870,67045380,2133,0xF9295459
5,14483,21033,330301461,67055876,2133,0xD7E3E66B
6,26899,33453,62783570,1028,2133,0xF15812CE
7,39315,45868,62586921,67045380,2178,0xA21AC849
8,51731,58281,330760192,67055876,2133,0x91387EE9
9,64147,5160,330563543,13572,2090,0x307B9C7F
10,11027,17580,62193746,67045380,2133,0xFC8C4845
11,23443,29993,330235883,12548,2178,0x3509C3E1
12,35859,42410,330498048,12292,2178,0x920D97D0
13,48275,54828,62128169,67045380,2090,0xF72E9B9B
14,60691,1708,62521323,2052,2090,0x3EAE53C9
15,7571,14122,330039296,12292,2090,0x85C2CD96
16,19987,26540,62259159,67045380,2090,0x86B53E4E
17,32403,38956,62521323,2052,2133,0x26B856C0
18,44819,51372,62914581,2052,2133,0x7F44B0AC
19,57235,63786,330170368,12292,2090,0x47163490
