rssi[0]=-28 rssi[1]=-28
agc_idx=5
stepno,t1,t2,hartt_stat,stat0,hpmcal,AA
0,0,0,0,0,0,0x215EE636
1,0,0,0,0,0,0x41118D59
2,41294,49318,5636055,13572,2133,0x3B737102
3,53710,61734,4063314,15364,2133,0xFC411F30
4,590,8614,6094930,67056900,2133,0xF9295459
5,13006,21030,5242921,67056900,2133,0xD7E3E66B
6,25422,33446,5570622,13572,2133,0xF15812CE
7,37838,45862,6553621,67055876,2178,0xA21AC849
8,50254,58278,5046252,67056900,2133,0x91387EE9
9,62670,5158,4063232,15364,2133,0x307B9C7F
10,9550,17574,5636137,67056900,2133,0xFC8C4845
11,21966,29990,4784128,14596,2133,0x3509C3E1
12,34382,42406,4915179,13572,2133,0x920D97D0
13,46798,54822,6619198,67056900,2090,0xF72E9B9B
14,59214,1702,6160364,12548,2178,0x3EAE53C9
15,6094,14118,6094828,67056900,2133,0x85C2CD96
16,18510,26534,6029292,67055876,2133,0x86B53E4E
17,30926,38950,5898220,13572,2090,0x26B856C0
18,43342,51366,5505065,13572,2133,0x7F44B0AC
19,55758,63782,5570581,13572,2090,0x47163490
