rssi[0]=-28 rssi[1]=-28
agc_idx=5
stepno,t1,t2,hartt_stat,stat0,hpmcal,AA
0,0,0,0,0,0,0x215EE636
1,0,0,0,0,0,0x41118D59
2,28937,33345,65470464,1028,2226,0x3B737102
3,41353,45761,66125783,1028,2178,0xFC411F30
4,53769,58177,65535959,67044356,2226,0xF9295459
5,649,5057,65798083,67044356,2226,0xD7E3E66B
6,13065,17473,65798103,1028,2178,0xF15812CE
7,25481,29889,65339372,67044356,2178,0xA21AC849
8,37897,42305,65929155,67044356,2178,0x91387EE9
9,50313,54721,65929175,67044356,2178,0x307B9C7F
10,62729,1601,65798124,67044356,2133,0xFC8C4845
11,9609,14017,65929196,4,2133,0x3509C3E1
12,22025,26433,65535980,1028,2226,0x920D97D0
13,34441,38849,65470382,66912772,2178,0xF72E9B9B
14,46857,51265,65142723,1028,2133,0x3EAE53C9
15,59273,63681,65208279,67044356,2133,0x85C2CD96
16,6153,10561,65404887,4,2133,0x86B53E4E
17,18569,22977,65601536,4,2133,0x26B856C0
18,30985,35393,65732608,4,2133,0x7F44B0AC
19,43401,47809,65798124,4,2178,0x47163490
