rssi[0]=-34 rssi[1]=-34
agc_idx=6
stepno,t1,t2,hartt_stat,stat0,hpmcal,AA
0,0,0,0,0,0,0x215EE636
1,0,0,0,0,0,0x41118D59
2,42773,49347,329908203,12548,2178,0x3B737102
3,55189,61767,61931602,1028,2133,0xFC411F30
4,2069,8646,61538325,67046148,2226,0xF9295459
5,14485,21059,329449513,67055876,2178,0xD7E3E66B
6,26901,33476,329777214,12292,2178,0xF15812CE
7,39317,45894,61603861,67045380,2133,0xA21AC849
8,51733,58307,329777152,67055876,2133,0x91387EE9
9,64149,5186,329646039,13572,2133,0x307B9C7F
10,11029,17603,329908286,67055876,2133,0xFC8C4845
11,23445,30019,329973739,12548,2178,0x3509C3E1
12,35861,42435,329711595,12548,2178,0x920D97D0
13,48277,54852,328925225,67055620,2090,0xF72E9B9B
14,60693,1734,61407191,2052,2178,0x3EAE53C9
15,7573,14148,328990720,12292,2133,0x85C2CD96
16,19989,26566,61538283,2052,2178,0x86B53E4E
17,32405,38982,61669376,2052,2133,0x26B856C0
18,44821,51398,61931520,2052,2133,0x7F44B0AC
19,57237,63812,329318400,12292,2090,0x47163490
