rssi[0]=-34 rssi[1]=-34
agc_idx=6
stepno,t1,t2,hartt_stat,stat0,hpmcal,AA
0,0,0,0,0,0,0x215EE636
1,0,0,0,0,0,0x41118D59
2,29588,35466,63504364,1028,2178,0x3B737102
3,42004,47882,64815063,1028,2178,0xFC411F30
4,54419,60298,63242220,67045380,2133,0xF9295459
5,1300,7178,63373251,67044356,2178,0xD7E3E66B
6,13716,19594,63635436,1028,2178,0xF15812CE
7,26131,32010,63111127,67045380,2133,0xA21AC849
8,38548,44426,64159683,67044356,2178,0x91387EE9
9,50964,56842,64487404,67044356,2178,0x307B9C7F
10,63380,3722,64094188,67044356,2178,0xFC8C4845
11,10260,16138,63700972,1028,2133,0x3509C3E1
12,22676,28554,63635436,1028,2178,0x920D97D0
13,35092,40970,63504282,67044868,2178,0xF72E9B9B
14,47507,53386,63635395,2052,2133,0x3EAE53C9
15,59923,266,63307735,67045380,2178,0x85C2CD96
16,6803,12682,63373271,2052,2133,0x86B53E4E
17,19219,25098,63832044,2052,2090,0x26B856C0
18,31635,37514,63963116,2052,2133,0x7F44B0AC
19,44051,49930,63700972,2052,2133,0x47163490
