rssi[0]=-28 rssi[1]=-28
agc_idx=5
stepno,t1,t2,hartt_stat,stat0,hpmcal,AA
0,0,0,0,0,0,0x215EE636
1,0,0,0,0,0,0x41118D59
2,29510,33926,1507328,15364,2178,0x3B737102
3,41926,46342,589804,15364,2133,0xFC411F30
4,54342,58758,1572803,67058692,2226,0xF9295459
5,1222,5638,1441710,66993668,2133,0xD7E3E66B
6,13638,18054,1441772,15364,2226,0xF15812CE
7,26054,30470,1179607,67058692,2178,0xA21AC849
8,38470,42886,1310679,67058692,2133,0x91387EE9
9,50886,55302,1441772,15364,2133,0x307B9C7F
10,63302,2182,1048535,67058692,2226,0xFC8C4845
11,10182,14598,1310700,15364,2133,0x3509C3E1
12,22598,27014,1179607,15364,2133,0x920D97D0
13,35014,39430,1376195,67059204,2178,0xF72E9B9B
14,47430,51846,1441731,4,2133,0x3EAE53C9
15,59846,64262,1441751,67043332,2133,0x85C2CD96
16,6726,11142,1441751,67043332,2133,0x86B53E4E
17,19142,23558,1048556,4,2133,0x26B856C0
18,31558,35974,1114112,4,2133,0x7F44B0AC
19,43974,48390,1703936,4,2090,0x47163490
