rssi[0]=-28 rssi[1]=-28
agc_idx=5
stepno,t1,t2,hartt_stat,stat0,hpmcal,AA
0,0,0,0,0,0,0x215EE636
1,0,0,0,0,0,0x41118D59
2,41293,49325,2818028,14596,2133,0x3B737102
3,53709,61741,1900585,15364,2178,0xFC411F30
4,589,8621,3014738,67057924,2133,0xF9295459
5,13005,21037,2752512,67058692,2133,0xD7E3E66B
6,25421,33453,2097234,15364,2133,0xF15812CE
7,37837,45869,3342356,67057924,2178,0xA21AC849
8,50253,58285,2359296,67058692,2133,0x91387EE9
9,62669,5165,1966060,15364,2133,0x307B9C7F
10,9549,17581,2228326,67057924,2133,0xFC8C4845
11,21965,29997,2162668,14596,2133,0x3509C3E1
12,34381,42413,2621440,15364,2133,0x920D97D0
13,46797,54829,2949181,67058692,2133,0xF72E9B9B
14,59213,1709,2818028,14596,2133,0x3EAE53C9
15,6093,14125,3014636,14596,2133,0x85C2CD96
16,18509,26541,2818007,67057924,2133,0x86B53E4E
17,30925,38957,2818028,15364,2133,0x26B856C0
18,43341,51373,2490368,15364,2133,0x7F44B0AC
19,55757,63789,3211264,15364,2090,0x47163490
