rssi[0]=-34 rssi[1]=-34
agc_idx=6
stepno,t1,t2,hartt_stat,stat0,hpmcal,AA
0,0,0,0,0,0,0x215EE636
1,0,0,0,0,0,0x41118D59
2,42764,49313,5701652,13572,2178,0x3B737102
3,55180,61728,3670098,15364,2133,0xFC411F30
4,2060,8609,5963817,67056900,2178,0xF9295459
5,14476,21025,4980757,67056900,2090,0xD7E3E66B
6,26892,33441,4980818,13572,2178,0xF15812CE
7,39308,45857,6225920,67056900,2178,0xA21AC849
8,51724,58273,4849623,67056900,2178,0x91387EE9
9,64140,5152,3669975,67058692,2090,0x307B9C7F
10,11020,17569,5505065,67056900,2133,0xFC8C4845
11,23436,29984,4587500,14596,2178,0x3509C3E1
12,35852,42401,4784128,13572,2178,0x920D97D0
13,48268,54817,6357012,67056900,2090,0xF72E9B9B
14,60684,1696,5767107,14596,2178,0x3EAE53C9
15,7564,14113,5963735,67056900,2133,0x85C2CD96
16,19980,26529,5570519,13572,2133,0x86B53E4E
17,32396,38945,5308396,13572,2133,0x26B856C0
18,44812,51361,5177385,13572,2133,0x7F44B0AC
19,57228,63777,5570581,13572,2090,0x47163490
