rssi[0]=-34 rssi[1]=-34
agc_idx=6
stepno,t1,t2,hartt_stat,stat0,hpmcal,AA
0,0,0,0,0,0,0x215EE636
1,0,0,0,0,0,0x41118D59
2,9899,15751,1703916,15364,2133,0x3B737102
3,22315,28167,1572844,15364,2178,0xFC411F30
4,34731,40583,1966039,67058692,2178,0xF9295459
5,47147,52999,2162627,67058692,2178,0xD7E3E66B
6,59563,65415,1572844,15364,2178,0xF15812CE
7,6443,12295,1703895,67058692,2133,0xA21AC849
8,18859,24711,1572823,67058692,2178,0x91387EE9
9,31275,37127,1900544,67058692,2178,0x307B9C7F
10,43691,49543,1703895,67058692,2090,0xFC8C4845
11,56107,61959,1179607,15364,2133,0x3509C3E1
12,2987,8839,1572844,15364,2178,0x920D97D0
13,15402,21255,2031534,66928132,2133,0xF72E9B9B
14,27818,33671,1572803,4,2133,0x3EAE53C9
15,40235,46087,2162647,67058692,2133,0x85C2CD96
16,52651,58503,2031575,67058692,2133,0x86B53E4E
17,65067,5383,1769472,15364,2133,0x26B856C0
18,11947,17799,1572844,15364,2133,0x7F44B0AC
19,24363,30215,2490368,15364,2133,0x47163490
